image: map.pgm
mode: trinary
resolution: 0.05000000074505806
origin: [-36.84466552734375, -107.32889556884766, 0.0]
negate: 0
occupied_thresh: 0.65
free_thresh: 0.0
